11,  0,  0,  0,  0, -13.6569,  0,  0,  0,  0,  4,  0,  0,  0,  0, -2.34315,
 0, 11, -13.6569,  4, -2.34315,  0,  0,  0,  0,  0,  0,  0,  0,  0,  0,  0,
 0,  3.41421, -1.41421, -2.82843,  1.41421,  0,  0,  0,  0,  0,  0,  0,  0,  0, 0,  0,
 0, -1,  2.82843,  0, -2.82843,  0,  0,  0,  0,  0,  0,  0,  0,  0,  0,  0,
 0, 0.585786, -1.41421,  2.82843,  1.41421,  0,  0,  0,  0,  0,  0,  0,  0,  0, 0,  0,
 3.41421,  0,  0,  0,  0, -1.41421,  0,  0,  0,  0, -2.82843,  0,  0,  0,  0, 1.41421,
 0,  0,  0,  0,  0,  0, 11, -13.6569,  4, -2.34315,  0,  0,  0,  0,  0,  0,
 0,  0,  0,  0,  0,  0,  3.41421, -1.41421, -2.82843,  1.41421,  0,  0,  0,  0, 0,  0,
 0,  0,  0,  0,  0,  0, -1,  2.82843,  0, -2.82843,  0,  0,  0,  0,  0,  0,
 0,  0,  0,  0,  0,  0, 0.585786, -1.41421,  2.82843,  1.41421,  0,  0,  0,  0, 0,  0,
-1,  0,  0,  0,  0,  2.82843,  0,  0,  0,  0,  0,  0,  0,  0,  0, -2.82843,
 0,  0,  0,  0,  0,  0,  0,  0,  0,  0,  0, 11, -13.6569,  4, -2.34315,  0,
 0,  0,  0,  0,  0,  0,  0,  0,  0,  0,  0,  3.41421, -1.41421, -2.82843, 1.41421,  0,
 0,  0,  0,  0,  0,  0,  0,  0,  0,  0,  0, -1,  2.82843,  0, -2.82843,  0,
 0,  0,  0,  0,  0,  0,  0,  0,  0,  0,  0, 0.585786, -1.41421,  2.82843, 1.41421,  0,
0.585786,  0,  0,  0,  0, -1.41421,  0,  0,  0,  0,  2.82843,  0,  0,  0,  0, 1.41421;
